[{"id": 0, "img_name": "DJI_20241229094854_0001_V.JPG", "width": 1320, "height": 989, "position": [-4.419367202718104, 0.015480444923191075, 3.5747171539569185], "rotation": [[-0.28853999389434254, 0.04387806675790112, 0.9564619109933451], [0.8340652000925676, 0.5020807717564217, 0.22858289661963097], [-0.47019135882956997, 0.8637069027685637, -0.1814675513471685]], "fy": 928.1971995058967, "fx": 928.1971995058967}, {"id": 1, "img_name": "DJI_20241229094854_0002_V.JPG", "width": 1320, "height": 989, "position": [-4.421925679271667, -0.007320347909270394, 3.5817833254201634], "rotation": [[-0.2893389574060568, 0.04323163655212768, 0.956249963831738], [0.8337070738442782, 0.5022321998473475, 0.2295546393748228], [-0.470335500200853, 0.8636514592342901, -0.18135786228695552]], "fy": 928.1971995058967, "fx": 928.1971995058967}, {"id": 2, "img_name": "DJI_20241229095016_0004_V.JPG", "width": 1320, "height": 989, "position": [-0.7851836492790244, 1.051928603298908, -2.9365683131051643], "rotation": [[0.9378373820840836, -0.30145302383956835, 0.1720090671553489], [0.30055379065611665, 0.953231839342215, 0.03188227386019926], [-0.17357552733007006, 0.021797588908825563, 0.9845793017476298]], "fy": 928.1971995058967, "fx": 928.1971995058967}, {"id": 3, "img_name": "DJI_20241229095017_0005_V.JPG", "width": 1320, "height": 989, "position": [-0.2777889064579039, 1.132664032348725, -2.985546427971397], "rotation": [[0.9792149495426983, -0.17673402305798608, 0.099514660657766], [0.17636370465412302, 0.9842447223709365, 0.012576572093833624], [-0.10016948773336286, 0.005235606812718123, 0.9949566131990573]], "fy": 928.1971995058967, "fx": 928.1971995058967}, {"id": 4, "img_name": "DJI_20241229095019_0007_V.JPG", "width": 1320, "height": 989, "position": [0.7141765560544118, 1.0406284396979695, -2.93435839807283], "rotation": [[0.9851649526904885, 0.14753027833120994, -0.08766317907686873], [-0.14738591292684805, 0.9890454598290433, 0.008152978736361394], [0.08790568048236126, 0.004888288767220036, 0.9961168083974195]], "fy": 928.1971995058967, "fx": 928.1971995058967}, {"id": 5, "img_name": "DJI_20241229095020_0008_V.JPG", "width": 1320, "height": 989, "position": [1.1891813460767173, 0.8925938389912154, -2.8399266834495305], "rotation": [[0.9477963937724394, 0.2750711110918342, -0.16130058832708313], [-0.27489962617701585, 0.9611776443244625, 0.02382711855458905], [0.16159267149130332, 0.021758214393220014, 0.9866176506766553]], "fy": 928.1971995058967, "fx": 928.1971995058967}, {"id": 6, "img_name": "DJI_20241229095021_0009_V.JPG", "width": 1320, "height": 989, "position": [1.597155731376362, 0.6753267779579396, -2.706575278062567], "rotation": [[0.8852809141927767, 0.40152070694782704, -0.23464616949381203], [-0.40148382812399885, 0.9144933295820952, 0.05012669852237229], [0.23470926424174432, 0.04983043288965689, 0.9707875613321013]], "fy": 928.1971995058967, "fx": 928.1971995058967}, {"id": 7, "img_name": "DJI_20241229095022_0010_V.JPG", "width": 1320, "height": 989, "position": [1.956153196967126, 0.4111047469183575, -2.5442595707502207], "rotation": [[0.7959422555740628, 0.5228825210261868, -0.30507342558304307], [-0.5230576995109057, 0.8477133526484549, 0.08827635427381249], [0.3047729790746421, 0.08930812363282466, 0.9482286065496821]], "fy": 928.1971995058967, "fx": 928.1971995058967}, {"id": 8, "img_name": "DJI_20241229095023_0011_V.JPG", "width": 1320, "height": 989, "position": [2.245604358671074, 0.10023453426206884, -2.356562184048044], "rotation": [[0.6831263048796853, 0.6303052068604911, -0.3688547109445411], [-0.6309222174156367, 0.7637278205419308, 0.13659052566561267], [0.36779832402114543, 0.13941005105380982, 0.919396122741667]], "fy": 928.1971995058967, "fx": 928.1971995058967}, {"id": 9, "img_name": "DJI_20241229095024_0012_V.JPG", "width": 1320, "height": 989, "position": [2.4612580720107307, -0.2525993976751908, -2.141141450431597], "rotation": [[0.5260864366578677, 0.733080221636888, -0.4310759211663742], [-0.7345449410886952, 0.6471436898556453, 0.20408031311477806], [0.4285753034014357, 0.20928075239933397, 0.8789338860173365]], "fy": 928.1971995058967, "fx": 928.1971995058967}, {"id": 10, "img_name": "DJI_20241229095025_0013_V.JPG", "width": 1320, "height": 989, "position": [2.6042691958834343, -0.6477193754637411, -1.9102464373322492], "rotation": [[0.3722573328598492, 0.7990452104988575, -0.4721771168861404], [-0.8016594197013229, 0.5331900688188177, 0.2702786068432397], [0.4677249757455865, 0.277912040206647, 0.8390460326894881]], "fy": 928.1971995058967, "fx": 928.1971995058967}, {"id": 11, "img_name": "DJI_20241229095026_0014_V.JPG", "width": 1320, "height": 989, "position": [2.673720576666063, -1.0388808715549016, -1.6283754361280076], "rotation": [[0.19197414184593764, 0.8439369016914186, -0.5009155965090374], [-0.8480218223694556, 0.3995531667741853, 0.34816124957540556], [0.4939685391274464, 0.357949399893629, 0.7923807856504897]], "fy": 928.1971995058967, "fx": 928.1971995058967}, {"id": 12, "img_name": "DJI_20241229095027_0015_V.JPG", "width": 1320, "height": 989, "position": [2.643260268971715, -1.4077173793089097, -1.2949771173637044], "rotation": [[0.012312135319957559, 0.8587215275420907, -0.5122945924559821], [-0.8645479496155091, 0.26655755479044474, 0.42603276024239983], [0.5023994965557609, 0.437657866512093, 0.7456878286123498]], "fy": 928.1971995058967, "fx": 928.1971995058967}, {"id": 13, "img_name": "DJI_20241229095028_0016_V.JPG", "width": 1320, "height": 989, "position": [2.5255536530057547, -1.730679166978937, -0.8936334160974257], "rotation": [[-0.14564953847241194, 0.8484441189896088, -0.5088504582829023], [-0.8561509567975765, 0.1496501403366233, 0.4945810092106482], [0.49577389112111137, 0.5076883024545429, 0.7045997703898694]], "fy": 928.1971995058967, "fx": 928.1971995058967}, {"id": 14, "img_name": "DJI_20241229095029_0017_V.JPG", "width": 1320, "height": 989, "position": [2.3165208412716543, -2.1026215604537515, -0.6072764639441008], "rotation": [[-0.35794364298772746, 0.7993796425763126, -0.48256454022155454], [-0.8097708005432058, -0.008429740023107946, 0.5866857677417767], [0.4649167657035927, 0.6007671150435158, 0.6503316649602736]], "fy": 928.1971995058967, "fx": 928.1971995058967}, {"id": 15, "img_name": "DJI_20241229095030_0018_V.JPG", "width": 1320, "height": 989, "position": [2.015609592694656, -2.457426175778177, -0.38005492241380084], "rotation": [[-0.6131516822248124, 0.6738582364236692, -0.41226216390649423], [-0.6878274875457552, -0.19874787149030254, 0.6981351093839702], [0.3885078660225255, 0.711627965148965, 0.5853608094641856]], "fy": 928.1971995058967, "fx": 928.1971995058967}, {"id": 16, "img_name": "DJI_20241229095031_0019_V.JPG", "width": 1320, "height": 989, "position": [1.6329163563012798, -2.7650824783487034, -0.18337300939452267], "rotation": [[-0.814036886658279, 0.4922264701625451, -0.3083132323320171], [-0.5085194812236667, -0.34753167048457884, 0.7878005301002347], [0.28062766145857443, 0.7980819757904063, 0.533210348308032]], "fy": 928.1971995058967, "fx": 928.1971995058967}, {"id": 17, "img_name": "DJI_20241229095032_0020_V.JPG", "width": 1320, "height": 989, "position": [1.1828247018102487, -3.0169027611364228, -0.01687901239474929], "rotation": [[-0.9044314824870562, 0.3589193614720877, -0.23060916167128825], [-0.375482426571323, -0.4130909118484036, 0.8296799659413052], [0.20252565472644835, 0.8369783692000188, 0.508380338593951]], "fy": 928.1971995058967, "fx": 928.1971995058967}, {"id": 18, "img_name": "DJI_20241229095033_0021_V.JPG", "width": 1320, "height": 989, "position": [0.6982740970108142, -3.1800113845505793, 0.11188321173128264], "rotation": [[-0.9792106708664139, 0.16547020380729197, -0.11732891252082983], [-0.18265530411527556, -0.46770555947277564, 0.8648054980842882], [0.08822415734878669, 0.868257520146086, 0.48820628505772595]], "fy": 928.1971995058967, "fx": 928.1971995058967}, {"id": 19, "img_name": "DJI_20241229095034_0022_V.JPG", "width": 1320, "height": 989, "position": [0.170474739568901, -3.2803263967729994, 0.17770172810558654], "rotation": [[-0.9998615799598395, -0.004900368976883766, -0.01589991522317303], [-0.011565811171845007, -0.48226709662523815, 0.8759478748901675], [-0.011960473742746123, 0.8760105215672659, 0.4821436644520962]], "fy": 928.1971995058967, "fx": 928.1971995058967}, {"id": 20, "img_name": "DJI_20241229095036_0024_V.JPG", "width": 1320, "height": 989, "position": [-0.9386601160618074, -3.197853314433976, 0.1188311825898328], "rotation": [[-0.9015381045667205, -0.37907650857493763, 0.20863855506804194], [0.3653271317624321, -0.40844933768153074, 0.8364838464344388], [-0.231873096353328, 0.8303433863132494, 0.5067195753011382]], "fy": 928.1971995058967, "fx": 928.1971995058967}, {"id": 21, "img_name": "DJI_20241229095037_0025_V.JPG", "width": 1320, "height": 989, "position": [-1.4482916110077653, -3.00368317485792, -0.0014643973271431607], "rotation": [[-0.7962704776447982, -0.526418206061039, 0.2980556974104039], [0.5146008321234444, -0.33041645611925335, 0.7912085370516749], [-0.3180240714304236, 0.7833957096213069, 0.533996116219721]], "fy": 928.1971995058967, "fx": 928.1971995058967}, {"id": 22, "img_name": "DJI_20241229095039_0027_V.JPG", "width": 1320, "height": 989, "position": [-2.273189234433099, -2.36184381275977, -0.3896891954207819], "rotation": [[-0.5168410400833895, -0.7410530056554218, 0.42862079055335806], [0.7328831878557865, -0.1242475694901028, 0.6689131292134591], [-0.44244499346682636, 0.6598507287901313, 0.6073215321979556]], "fy": 928.1971995058967, "fx": 928.1971995058967}, {"id": 23, "img_name": "DJI_20241229095040_0028_V.JPG", "width": 1320, "height": 989, "position": [-2.5470111256233485, -1.9478146747755123, -0.6353971630922037], "rotation": [[-0.34645956915087156, -0.811337036456277, 0.4708481498510297], [0.8043254405104503, 0.001362956214796985, 0.5941874519863461], [-0.48272803180617346, 0.5845770741525039, 0.6521068100271883]], "fy": 928.1971995058967, "fx": 928.1971995058967}, {"id": 24, "img_name": "DJI_20241229095041_0029_V.JPG", "width": 1320, "height": 989, "position": [-2.7086911196515566, -1.49595584978442, -0.9057689481952031], "rotation": [[-0.16833004252099154, -0.8520092248948555, 0.49572701911329026], [0.8465985017199156, 0.13263866393997711, 0.5154395810507878], [-0.5049118474253451, 0.5064457182386729, 0.6989826613065877]], "fy": 928.1971995058967, "fx": 928.1971995058967}, {"id": 25, "img_name": "DJI_20241229095042_0030_V.JPG", "width": 1320, "height": 989, "position": [-2.7652399462393626, -1.0208369791570862, -1.1855263485714922], "rotation": [[0.00924757507617149, -0.8641472947104372, 0.5031539877610465], [0.8597955166413536, 0.2637810714860972, 0.4372313070779292], [-0.5105547491882125, 0.4285662135193105, 0.7454293049720288]], "fy": 928.1971995058967, "fx": 928.1971995058967}, {"id": 26, "img_name": "DJI_20241229095043_0031_V.JPG", "width": 1320, "height": 989, "position": [-2.721999079953749, -0.5688993080296383, -1.455155518374635], "rotation": [[0.2022691036787139, -0.8464339887543326, 0.49258168092047383], [0.8428815452648596, 0.4065600863832348, 0.35250474721906755], [-0.4986360499893, 0.34388718912091876, 0.7956781326702285]], "fy": 928.1971995058967, "fx": 928.1971995058967}, {"id": 27, "img_name": "DJI_20241229095044_0032_V.JPG", "width": 1320, "height": 989, "position": [-2.5788129573740672, -0.1201535661020609, -1.7202394468792943], "rotation": [[0.3910794749843492, -0.7957649500717143, 0.4624013283753926], [0.7929045765238765, 0.5464011813144078, 0.26971852288211806], [-0.46728917896037114, 0.26115875113727577, 0.8446519578684232]], "fy": 928.1971995058967, "fx": 928.1971995058967}, {"id": 28, "img_name": "DJI_20241229095045_0033_V.JPG", "width": 1320, "height": 989, "position": [-2.3442335671737276, 0.2783771126318643, -1.9575547567104405], "rotation": [[0.5181755062379106, -0.7395009933621375, 0.4296887542762749], [0.7371725097786074, 0.6409098376810091, 0.21403567644299737], [-0.43367134510109584, 0.20584669241966114, 0.8772435828537543]], "fy": 928.1971995058967, "fx": 928.1971995058967}, {"id": 29, "img_name": "DJI_20241229095046_0034_V.JPG", "width": 1320, "height": 989, "position": [-2.029783292352417, 0.6288781580036159, -2.168631755761615], "rotation": [[0.6594379567776452, -0.6499358720847548, 0.37778954900626077], [0.6481411547005707, 0.7461376856117562, 0.15228787769662774], [-0.38086037434253484, 0.14443654761645755, 0.9132816974889527]], "fy": 928.1971995058967, "fx": 928.1971995058967}, {"id": 30, "img_name": "DJI_20241229095048_0036_V.JPG", "width": 1320, "height": 989, "position": [-1.2043304382122912, 1.1590094539196316, -2.492171588908257], "rotation": [[0.8730348381718293, -0.42141778706657756, 0.24539197232630985], [0.42071530984577643, 0.9053383586723818, 0.05797485987710529], [-0.2465944026121846, 0.05262608726008655, 0.9676888423145292]], "fy": 928.1971995058967, "fx": 928.1971995058967}, {"id": 31, "img_name": "DJI_20241229095120_0037_V.JPG", "width": 1320, "height": 989, "position": [-1.456644794218707, 2.7108283614332342, 0.4030488645067581], "rotation": [[0.8535800610332723, -0.2511508070962776, 0.4564256253775893], [0.4478280604266054, 0.8013784115250453, -0.3965383585936425], [-0.2661787138389914, 0.5428774388722412, 0.7965130122367975]], "fy": 928.1971995058967, "fx": 928.1971995058967}, {"id": 32, "img_name": "DJI_20241229095121_0038_V.JPG", "width": 1320, "height": 989, "position": [-0.987192586060536, 2.9070049289873308, 0.28612779269581623], "rotation": [[0.9286141683983838, -0.17753473658196084, 0.3258176538442198], [0.3183495952721614, 0.8322827673328359, -0.45382698288097356], [-0.19060236472779962, 0.5251540845385954, 0.8293876813967042]], "fy": 928.1971995058967, "fx": 928.1971995058967}, {"id": 33, "img_name": "DJI_20241229095123_0040_V.JPG", "width": 1320, "height": 989, "position": [0.02900232727408266, 3.020560402167313, 0.21251593674797314], "rotation": [[0.9958540470094306, -0.03984318346488095, 0.08177553293205939], [0.07594584794608372, 0.8589817846343847, -0.5063422971134032], [-0.050069404177489694, 0.5104535379422024, 0.8584464108886469]], "fy": 928.1971995058967, "fx": 928.1971995058967}, {"id": 34, "img_name": "DJI_20241229095124_0041_V.JPG", "width": 1320, "height": 989, "position": [0.5172114150032047, 3.0166089598351977, 0.3501203363057319], "rotation": [[0.9985990259043761, 0.030372122116756238, -0.043330354959958], [-0.04822884350898324, 0.8593234092458791, -0.5091534709454756], [0.021770716952298916, 0.5105299330305366, 0.8595843317343672]], "fy": 928.1971995058967, "fx": 928.1971995058967}, {"id": 35, "img_name": "DJI_20241229095125_0042_V.JPG", "width": 1320, "height": 989, "position": [1.0010775727318155, 2.8948887085229775, 0.44976865920659137], "rotation": [[0.9763688842246, 0.11054576411071686, -0.18569716194704586], [-0.1898493451674969, 0.8492829861426133, -0.4926211887324357], [0.10325225449103878, 0.5162344849831936, 0.8502005224984601]], "fy": 928.1971995058967, "fx": 928.1971995058967}, {"id": 36, "img_name": "DJI_20241229095126_0043_V.JPG", "width": 1320, "height": 989, "position": [1.4310468866614408, 2.6971170787380143, 0.5687336433031763], "rotation": [[0.9388003508842769, 0.1734331104587362, -0.2976152841776888], [-0.3011698881265352, 0.832613255899631, -0.46481379560644065], [0.16718432840852307, 0.5260001162517205, 0.8338904472637685]], "fy": 928.1971995058967, "fx": 928.1971995058967}, {"id": 37, "img_name": "DJI_20241229095127_0044_V.JPG", "width": 1320, "height": 989, "position": [1.809686178040053, 2.431226672910031, 0.7278036674217541], "rotation": [[0.8911113605734546, 0.22616555280829553, -0.39340778561162787], [-0.39567413919212524, 0.8117195060088431, -0.42959680997341027], [0.2221767733843868, 0.5384798847567825, 0.812820333825886]], "fy": 928.1971995058967, "fx": 928.1971995058967}, {"id": 38, "img_name": "DJI_20241229095128_0045_V.JPG", "width": 1320, "height": 989, "position": [2.1157664425858775, 2.0998239042578084, 0.9256120804372168], "rotation": [[0.813785966289028, 0.28759184832703194, -0.5050181480371518], [-0.5058501109065574, 0.7783425295850199, -0.37188515960577934], [0.2861259624131595, 0.558098410152756, 0.7788825959142425]], "fy": 928.1971995058967, "fx": 928.1971995058967}, {"id": 39, "img_name": "DJI_20241229095129_0046_V.JPG", "width": 1320, "height": 989, "position": [2.3550304694318447, 1.740721218164473, 1.1436545945349328], "rotation": [[0.7094943356903545, 0.3462321435709391, -0.613792383776123], [-0.6125006086400638, 0.733712716554669, -0.2941235352390548], [0.3485122552204644, 0.5846271908868427, 0.7326324150874745]], "fy": 928.1971995058967, "fx": 928.1971995058967}, {"id": 40, "img_name": "DJI_20241229095130_0047_V.JPG", "width": 1320, "height": 989, "position": [2.5192239394815434, 1.3341529585374132, 1.3903577171543402], "rotation": [[0.5477482953391284, 0.40798739014532676, -0.730423229665845], [-0.7265374073488357, 0.6648717912385783, -0.17346151428497344], [0.4148676905664152, 0.6256930483053242, 0.6606004909372079]], "fy": 928.1971995058967, "fx": 928.1971995058967}, {"id": 41, "img_name": "DJI_20241229095131_0048_V.JPG", "width": 1320, "height": 989, "position": [2.640208581964984, 0.9160576185917959, 1.6457552593664557], "rotation": [[0.2915289389219606, 0.46338339861215755, -0.8368313472030563], [-0.8306048078916728, 0.5565442585486072, 0.018818644579739453], [0.4744539291419909, 0.689589960895043, 0.5471372359422262]], "fy": 928.1971995058967, "fx": 928.1971995058967}, {"id": 42, "img_name": "DJI_20241229095132_0049_V.JPG", "width": 1320, "height": 989, "position": [2.64377340535799, 0.4749346958774756, 1.909575185961526], "rotation": [[0.039862311308122025, 0.4802646571999508, -0.8762173561290528], [-0.8679229730855379, 0.4511450792122029, 0.20779275803784764], [0.49509666624562765, 0.7522060731921995, 0.4348164147375726]], "fy": 928.1971995058967, "fx": 928.1971995058967}, {"id": 43, "img_name": "DJI_20241229095133_0050_V.JPG", "width": 1320, "height": 989, "position": [2.527915226703686, 0.027619012548145326, 2.1714936093427326], "rotation": [[-0.12841143766813798, 0.4732589737187173, -0.8715138819724608], [-0.8616487773559186, 0.3818375340722394, 0.3343074663460003], [0.49099072003150196, 0.7938677732269637, 0.3587507093715767]], "fy": 928.1971995058967, "fx": 928.1971995058967}, {"id": 44, "img_name": "DJI_20241229095134_0051_V.JPG", "width": 1320, "height": 989, "position": [2.285070749566383, -0.37526664678395205, 2.4138669725914434], "rotation": [[-0.3894041026795275, 0.4348925547308152, -0.8119315923500312], [-0.8020145989462891, 0.2733732907970725, 0.5310740315208441], [0.45292055362212874, 0.8579833971112054, 0.24233749686777808]], "fy": 928.1971995058967, "fx": 928.1971995058967}, {"id": 45, "img_name": "DJI_20241229095135_0052_V.JPG", "width": 1320, "height": 989, "position": [1.9453497483813895, -0.7422505884532549, 2.6273284318166823], "rotation": [[-0.5607436492476882, 0.3859373290309002, -0.7325427891180689], [-0.7225063823147567, 0.20405304179144165, 0.6605655786143433], [0.4044144994220993, 0.8996747935760758, 0.16442073610411204]], "fy": 928.1971995058967, "fx": 928.1971995058967}, {"id": 46, "img_name": "DJI_20241229095139_0056_V.JPG", "width": 1320, "height": 989, "position": [0.15645484658796566, -1.6004482193468523, 3.1281484745362613], "rotation": [[-0.994271709194989, 0.029877489961541222, -0.10262116686177561], [-0.10159196673329662, 0.034141537502680466, 0.994240125780595], [0.03320904379435133, 0.998970315380067, -0.030910651881087384]], "fy": 928.1971995058967, "fx": 928.1971995058967}, {"id": 47, "img_name": "DJI_20241229095140_0057_V.JPG", "width": 1320, "height": 989, "position": [-0.36940085372504095, -1.6980504579169675, 3.189833585159003], "rotation": [[-0.9993998055071325, -0.031965141684905704, 0.013351347099420575], [0.012242732994703527, 0.03462999800396672, 0.9993252116939036], [-0.03240592910449722, 0.9988888791829194, -0.034217872575090326]], "fy": 928.1971995058967, "fx": 928.1971995058967}, {"id": 48, "img_name": "DJI_20241229095144_0061_V.JPG", "width": 1320, "height": 989, "position": [-2.2608860018318797, -0.6193534148797069, 2.535815868422395], "rotation": [[-0.554120898857679, -0.4075745498959793, 0.7258326361677652], [0.7110992518927111, 0.22154310551073883, 0.6672754351527442], [-0.43276770143667626, 0.8858903084906998, 0.1670642927602074]], "fy": 928.1971995058967, "fx": 928.1971995058967}, {"id": 49, "img_name": "DJI_20241229095145_0062_V.JPG", "width": 1320, "height": 989, "position": [-2.574377765675819, -0.21630558913414835, 2.300148265967207], "rotation": [[-0.40787606940088217, -0.44464498211439085, 0.7974509087652853], [0.7809691542729621, 0.2825614464772113, 0.5569974946432703], [-0.47299502331870324, 0.8499705105738664, 0.23200396348023966]], "fy": 928.1971995058967, "fx": 928.1971995058967}, {"id": 50, "img_name": "DJI_20241229095146_0063_V.JPG", "width": 1320, "height": 989, "position": [-2.774755676192605, 0.2016521296027117, 2.053455193413677], "rotation": [[-0.2294339414952183, -0.47287627030759455, 0.8507338593649293], [0.8326639537055572, 0.35724899288640954, 0.4231357905933693], [-0.5040146889619371, 0.8054571311135216, 0.3117819803147333]], "fy": 928.1971995058967, "fx": 928.1971995058967}, {"id": 51, "img_name": "DJI_20241229095148_0065_V.JPG", "width": 1320, "height": 989, "position": [-2.806063245727733, 1.1208796000724792, 1.4984470443324058], "rotation": [[0.14505182266548794, -0.478161230336646, 0.8662111789537033], [0.8469038538474623, 0.51266221053881, 0.14117832774111283], [-0.5115797406853951, 0.7131194119419313, 0.47931917678292213]], "fy": 928.1971995058967, "fx": 928.1971995058967}, {"id": 52, "img_name": "DJI_20241229095149_0066_V.JPG", "width": 1320, "height": 989, "position": [-2.6551771640184305, 1.544721149039653, 1.2460613937298297], "rotation": [[0.3404436743941636, -0.4531855076601836, 0.8238452525879983], [0.8047193094828463, 0.5936252087689076, -0.005995369840317158], [-0.4863382953361292, 0.6650052685211242, 0.5667830760782254]], "fy": 928.1971995058967, "fx": 928.1971995058967}, {"id": 53, "img_name": "DJI_20241229095150_0067_V.JPG", "width": 1320, "height": 989, "position": [-2.4168055880625174, 1.9274246381402114, 1.0134704361140991], "rotation": [[0.5158981917329488, -0.4108993118249585, 0.7516720104596479], [0.7327233537783524, 0.6662437820508046, -0.1386928610507535], [-0.44380800194957876, 0.6223190326676628, 0.6447894842389316]], "fy": 928.1971995058967, "fx": 928.1971995058967}, {"id": 54, "img_name": "DJI_20241229095151_0068_V.JPG", "width": 1320, "height": 989, "position": [-2.1090098729014324, 2.2718567957150104, 0.7829664740135509], "rotation": [[0.6359545241513345, -0.36902966099543605, 0.677775001395775], [0.6600242341879153, 0.7152054338479864, -0.22988953364381143], [-0.3999123072576103, 0.5935472152237823, 0.6984066507443838]], "fy": 928.1971995058967, "fx": 928.1971995058967}, {"id": 55, "img_name": "DJI_20241229095152_0069_V.JPG", "width": 1320, "height": 989, "position": [-1.7214774895857787, 2.5903690668219848, 0.594446872623566], "rotation": [[0.7812370276842024, -0.297581710256471, 0.5487384006026791], [0.5340364014331406, 0.7737836008445949, -0.34068175913646204], [-0.3232241150030332, 0.5591994856800268, 0.7634278660722961]], "fy": 928.1971995058967, "fx": 928.1971995058967}, {"id": 56, "img_name": "DJI_20241229095153_0070_V.JPG", "width": 1320, "height": 989, "position": [-1.2760869919828512, 2.8439350391256775, 0.44485465101406707], "rotation": [[0.8737608946703035, -0.23150009073430408, 0.42772608867704065], [0.41627644683436515, 0.8107602393985998, -0.41156014629854637], [-0.2515070948420872, 0.537657458053298, 0.8047786273527394]], "fy": 928.1971995058967, "fx": 928.1971995058967}, {"id": 57, "img_name": "DJI_20241229095154_0071_V.JPG", "width": 1320, "height": 989, "position": [-0.804623607237794, 2.9971337233449624, 0.3517721527641089], "rotation": [[0.9383855011307839, -0.16303791635316267, 0.3047150949637161], [0.29513718643896364, 0.8367928081370094, -0.4611635690631583], [-0.1797962525983783, 0.5226819626516656, 0.8333527905216271]], "fy": 928.1971995058967, "fx": 928.1971995058967}, {"id": 58, "img_name": "DJI_20241229095155_0072_V.JPG", "width": 1320, "height": 989, "position": [-0.3161502874088854, 3.0757676826315756, 0.30115127727089264], "rotation": [[0.9809585542604567, -0.0890966263045301, 0.17257492866689936], [0.16443686296245943, 0.8538394140768186, -0.4938813350067205], [-0.10334811523341791, 0.512854800260372, 0.8522318469334469]], "fy": 928.1971995058967, "fx": 928.1971995058967}, {"id": 59, "img_name": "DJI_20241229095156_0073_V.JPG", "width": 1320, "height": 989, "position": [0.1704398673378846, 3.077717121407831, 0.29572388188041276], "rotation": [[0.9996356004972312, -0.0068477949679160485, 0.026110800880421656], [0.019180774051261368, 0.8608073823087345, -0.5085693153047854], [-0.01899379175767975, 0.5088848182711498, 0.8606250505346706]], "fy": 928.1971995058967, "fx": 928.1971995058967}, {"id": 60, "img_name": "DJI_20241229095158_0075_V.JPG", "width": 1320, "height": 989, "position": [1.103298945646203, 2.831751994281638, 0.4617357849312388], "rotation": [[0.9484693471025608, 0.15962407164483705, -0.27372623797941953], [-0.27714411943476325, 0.8366759070448961, -0.4724029674264652], [0.15361326332570216, 0.5239213512752885, 0.8378003240679155]], "fy": 928.1971995058967, "fx": 928.1971995058967}, {"id": 61, "img_name": "DJI_20241229095200_0077_V.JPG", "width": 1320, "height": 989, "position": [1.8905706618937075, 2.3590121812011526, 0.7576657497405251], "rotation": [[0.7905683357983023, 0.3004639495163016, -0.5335945290894278], [-0.5317698372480376, 0.7689512528700875, -0.35487295036775895], [0.3036816534239406, 0.564300793682401, 0.7676861778247109]], "fy": 928.1971995058967, "fx": 928.1971995058967}, {"id": 62, "img_name": "DJI_20241229095201_0078_V.JPG", "width": 1320, "height": 989, "position": [2.182165099243689, 2.050843942971654, 0.9416645040151349], "rotation": [[0.6830476261105962, 0.35558698725566035, -0.6379685219186931], [-0.6330391356318387, 0.7238972818316607, -0.2742884943179857], [0.36429025957768046, 0.591211146589081, 0.7195567989572822]], "fy": 928.1971995058967, "fx": 928.1971995058967}, {"id": 63, "img_name": "DJI_20241229095202_0079_V.JPG", "width": 1320, "height": 989, "position": [2.38598196148668, 1.6929539137235254, 1.1611139988152064], "rotation": [[0.5498654014142372, 0.4038730870030478, -0.7311187112379139], [-0.7232237432418227, 0.6681101011379874, -0.17486083028704338], [0.4178462127850936, 0.6249123317330332, 0.6594612347281208]], "fy": 928.1971995058967, "fx": 928.1971995058967}, {"id": 64, "img_name": "DJI_20241229095204_0081_V.JPG", "width": 1320, "height": 989, "position": [2.6145171358762003, 0.8846611215483206, 1.6484948520121017], "rotation": [[0.22070167479224398, 0.46773456900087285, -0.8558709854326562], [-0.8445820314468873, 0.530542504355645, 0.07215152963790551], [0.4878237006347145, 0.7069292921032542, 0.5121318317244538]], "fy": 928.1971995058967, "fx": 928.1971995058967}, {"id": 65, "img_name": "DJI_20241229095205_0082_V.JPG", "width": 1320, "height": 989, "position": [2.6181319509276713, 0.44048606663445405, 1.9242607651337875], "rotation": [[-0.011923942135858949, 0.47693445758491604, -0.8788579764513279], [-0.866925304221652, 0.43306233587860143, 0.2467742493526534], [0.4982954309484856, 0.7648467404725938, 0.4083027395013556]], "fy": 928.1971995058967, "fx": 928.1971995058967}, {"id": 66, "img_name": "DJI_20241229095206_0083_V.JPG", "width": 1320, "height": 989, "position": [2.5068865265343434, 0.010245683930126953, 2.17579542065236], "rotation": [[-0.20182555553237636, 0.46432549801902134, -0.8623620336166448], [-0.8500435427432024, 0.3543209769526081, 0.38972120898397955], [0.4865104526879488, 0.8117009776886667, 0.32318586331185634]], "fy": 928.1971995058967, "fx": 928.1971995058967}, {"id": 67, "img_name": "DJI_20241229095207_0084_V.JPG", "width": 1320, "height": 989, "position": [2.2476808148668463, -0.3733505648124094, 2.411587698312646], "rotation": [[-0.39177093043188904, 0.432481983009168, -0.8120805824799588], [-0.7997386213106077, 0.27632375226998884, 0.5329759108211571], [0.454899632504512, 0.8582566739058258, 0.23761693130618552]], "fy": 928.1971995058967, "fx": 928.1971995058967}, {"id": 68, "img_name": "DJI_20241229095208_0085_V.JPG", "width": 1320, "height": 989, "position": [1.9462183948606169, -0.7102949637347451, 2.6133466646352588], "rotation": [[-0.5755937062265137, 0.3801947069698263, -0.7239778105332744], [-0.7128347628159408, 0.20054227576052433, 0.6720486563887552], [0.40069749970965285, 0.9029035277508433, 0.1555851320066126]], "fy": 928.1971995058967, "fx": 928.1971995058967}, {"id": 69, "img_name": "DJI_20241229095210_0087_V.JPG", "width": 1320, "height": 989, "position": [1.1849723832892223, -1.2611069677749274, 2.938403883590252], "rotation": [[-0.8817123321996754, 0.2080976931828653, -0.42341317095595843], [-0.41689327768598555, 0.0764951072321933, 0.9057309167682039], [0.22086955033966404, 0.9751122236242892, 0.019307849990335677]], "fy": 928.1971995058967, "fx": 928.1971995058967}, {"id": 70, "img_name": "DJI_20241229095211_0088_V.JPG", "width": 1320, "height": 989, "position": [0.697056268150843, -1.4297266311842212, 3.0272659886280944], "rotation": [[-0.9542043522075118, 0.12324643333750579, -0.2725882809253299], [-0.26844372714208353, 0.04939252613402671, 0.962028244762162], [0.13203037372631124, 0.9911461522054572, -0.014045831481523241]], "fy": 928.1971995058967, "fx": 928.1971995058967}, {"id": 71, "img_name": "DJI_20241229095213_0090_V.JPG", "width": 1320, "height": 989, "position": [-0.35206002140425685, -1.568480090462165, 3.0897631861020254], "rotation": [[-0.9900298456735771, -0.08585771138671394, 0.1116662799191788], [0.10862893988262746, 0.03928447280807989, 0.9933058358915281], [-0.08966971671377787, 0.9955326130226105, -0.029566168382863512]], "fy": 928.1971995058967, "fx": 928.1971995058967}, {"id": 72, "img_name": "DJI_20241229095214_0091_V.JPG", "width": 1320, "height": 989, "position": [-0.9230576803606447, -1.4851709446546986, 3.036819390757832], "rotation": [[-0.9367233611233322, -0.18338503555141436, 0.29819334912370893], [0.2916154505872576, 0.062492467671763086, 0.954492074594171], [-0.1936744012630434, 0.9810528121462678, -0.005060244589099151]], "fy": 928.1971995058967, "fx": 928.1971995058967}, {"id": 73, "img_name": "DJI_20241229095215_0092_V.JPG", "width": 1320, "height": 989, "position": [-1.5094277412554173, -1.2930684828483079, 2.905530897614405], "rotation": [[-0.838917389231442, -0.2723920129581264, 0.4711902007912739], [0.4615280208317841, 0.10280953945660586, 0.8811481626740288], [-0.2884605692849498, 0.9566779969631058, 0.03946783620192718]], "fy": 928.1971995058967, "fx": 928.1971995058967}, {"id": 74, "img_name": "DJI_20241229095216_0093_V.JPG", "width": 1320, "height": 989, "position": [-2.027987531668879, -0.9883954637797846, 2.7240155319118573], "rotation": [[-0.7157730313182038, -0.34192141870089837, 0.6088995903029615], [0.5969876409757362, 0.15278801030699934, 0.7875668736232204], [-0.3623185396302191, 0.9272246585051506, 0.09476132386280871]], "fy": 928.1971995058967, "fx": 928.1971995058967}, {"id": 75, "img_name": "DJI_20241229095235_0094_V.JPG", "width": 1320, "height": 989, "position": [2.460254877241052, 1.1468770666280963, 0.3387983006260669], "rotation": [[0.5032751110025098, 0.6013274132957378, -0.6205799744307483], [-0.7469149464569668, 0.663859344166492, 0.037534436482009874], [0.43454830042769493, 0.4446303106873081, 0.7832443178303369]], "fy": 928.1971995058967, "fx": 928.1971995058967}, {"id": 76, "img_name": "DJI_20241229095236_0095_V.JPG", "width": 1320, "height": 989, "position": [2.581596174907062, 0.7524084381066549, 0.5684722735379173], "rotation": [[0.3836760664554974, 0.6414308870977581, -0.6643486231687546], [-0.7984095363209326, 0.5919088448088468, 0.11039081369774392], [0.46404190364775255, 0.48806796300724364, 0.7392257944261214]], "fy": 928.1971995058967, "fx": 928.1971995058967}, {"id": 77, "img_name": "DJI_20241229095237_0096_V.JPG", "width": 1320, "height": 989, "position": [2.64007934326601, 0.3421529592350905, 0.8382865406212935], "rotation": [[0.1664374147361762, 0.6842197719841725, -0.7100294998110043], [-0.8540480892757331, 0.45993726534301693, 0.2430217544855939], [0.49284931589726994, 0.5659514251017608, 0.6609073582922789]], "fy": 928.1971995058967, "fx": 928.1971995058967}, {"id": 78, "img_name": "DJI_20241229095238_0097_V.JPG", "width": 1320, "height": 989, "position": [2.611938174957833, -0.08562890643342481, 1.0951352370971736], "rotation": [[-0.016749352290688108, 0.6924756714023845, -0.7212467703315271], [-0.8669061757507438, 0.3493610134741518, 0.35555669689872776], [0.49818986505454177, 0.6312086238163499, 0.5944598654045599]], "fy": 928.1971995058967, "fx": 928.1971995058967}, {"id": 79, "img_name": "DJI_20241229095239_0098_V.JPG", "width": 1320, "height": 989, "position": [2.457542431146431, -0.5137644799803586, 1.3438909709715547], "rotation": [[-0.27121763733310794, 0.6644161056417789, -0.6964138365679269], [-0.8363968407377466, 0.1953674407907247, 0.5121248752821906], [0.4763206042188007, 0.7213756314450157, 0.5027284359909845]], "fy": 928.1971995058967, "fx": 928.1971995058967}, {"id": 80, "img_name": "DJI_20241229095240_0099_V.JPG", "width": 1320, "height": 989, "position": [2.2105240818068785, -0.9280560592297356, 1.5941803961133276], "rotation": [[-0.4584156223040634, 0.6111695594861508, -0.6452339783249815], [-0.773692197681777, 0.08281719924085129, 0.6281255406017521], [0.43732768089148016, 0.7871550552892393, 0.43489242170756914]], "fy": 928.1971995058967, "fx": 928.1971995058967}, {"id": 81, "img_name": "DJI_20241229095241_0100_V.JPG", "width": 1320, "height": 989, "position": [1.9306548141128836, -1.2487676721567902, 1.7964100455436982], "rotation": [[-0.6426897162495672, 0.5238908286378001, -0.559006554788268], [-0.6688978980977687, -0.027959880962800162, 0.7428282755636948], [0.37353116409134707, 0.8513264031649345, 0.3683990020708773]], "fy": 928.1971995058967, "fx": 928.1971995058967}, {"id": 82, "img_name": "DJI_20241229095242_0101_V.JPG", "width": 1320, "height": 989, "position": [1.5686052747128676, -1.5394138769836503, 1.9973108529219634], "rotation": [[-0.7847473584537049, 0.4200187490648693, -0.4558024065688056], [-0.5434069191268098, -0.11251218362773763, 0.8318953833147691], [0.2981283341868751, 0.9005138860502377, 0.31653473330056264]], "fy": 928.1971995058967, "fx": 928.1971995058967}, {"id": 83, "img_name": "DJI_20241229095243_0102_V.JPG", "width": 1320, "height": 989, "position": [1.1445169358483582, -1.773068101580107, 2.143774967813775], "rotation": [[-0.8913822042747144, 0.3022804702591917, -0.3377340421133654], [-0.40029445865635443, -0.1754954534825839, 0.8994252009900312], [0.2126078838410434, 0.9369246837963142, 0.27743472137028824]], "fy": 928.1971995058967, "fx": 928.1971995058967}, {"id": 84, "img_name": "DJI_20241229095244_0103_V.JPG", "width": 1320, "height": 989, "position": [0.6501683233249239, -1.958245326271886, 2.2506157659440973], "rotation": [[-0.9691241360425186, 0.1572875596806162, -0.1898921602108873], [-0.22187092893565796, -0.2202853224173462, 0.9498671842003562], [0.10757183568699068, 0.9626707642268989, 0.24838135974692013]], "fy": 928.1971995058967, "fx": 928.1971995058967}, {"id": 85, "img_name": "DJI_20241229095246_0105_V.JPG", "width": 1320, "height": 989, "position": [-0.397154393083327, -2.0980744726956293, 2.312194330292728], "rotation": [[-0.9763470015015471, -0.1621013219731873, 0.143072338603529], [0.17720899786598063, -0.22085377885220558, 0.9590727706707327], [-0.12386889736440156, 0.9617415296124248, 0.2443557375722559]], "fy": 928.1971995058967, "fx": 928.1971995058967}, {"id": 86, "img_name": "DJI_20241229095249_0108_V.JPG", "width": 1320, "height": 989, "position": [-1.9173183462859176, -1.5958644579687682, 1.9959160022272973], "rotation": [[-0.6790531879738837, -0.5189706602718703, 0.5191880407708596], [0.625927853120736, -0.039812211969560536, 0.7788641155334844], [-0.38353759996924836, 0.8538644163771373, 0.35187280067484517]], "fy": 928.1971995058967, "fx": 928.1971995058967}, {"id": 87, "img_name": "DJI_20241229095250_0109_V.JPG", "width": 1320, "height": 989, "position": [-2.3207460579785026, -1.2149801642105236, 1.7752893076527665], "rotation": [[-0.5237489794750002, -0.599300413967415, 0.6054139247798821], [0.7285107311637248, 0.0532576811495441, 0.6829610047271136], [-0.44154175462598205, 0.7987506702451388, 0.40870312661484576]], "fy": 928.1971995058967, "fx": 928.1971995058967}, {"id": 88, "img_name": "DJI_20241229095251_0110_V.JPG", "width": 1320, "height": 989, "position": [-2.606456912218669, -0.7613296521680033, 1.5075917594538577], "rotation": [[-0.34961172102584254, -0.657224716701758, 0.6677030150281201], [0.8031760165968391, 0.15668170100777, 0.5747687630107828], [-0.482369081601404, 0.7372289443080794, 0.4730893708269213]], "fy": 928.1971995058967, "fx": 928.1971995058967}, {"id": 89, "img_name": "DJI_20241229095252_0111_V.JPG", "width": 1320, "height": 989, "position": [-2.7493517694728697, -0.27952294867376004, 1.2209248742379757], "rotation": [[-0.16507117115185493, -0.6906729099630727, 0.704075592459855], [0.8464795727187752, 0.26716547468708796, 0.46053766632607], [-0.5061855800241593, 0.6720070986071232, 0.5405391919160364]], "fy": 928.1971995058967, "fx": 928.1971995058967}, {"id": 90, "img_name": "DJI_20241229095253_0112_V.JPG", "width": 1320, "height": 989, "position": [-2.795065520732699, 0.2019037615372703, 0.9274624286256568], "rotation": [[0.011918196881784948, -0.699367536069044, 0.7146628618277305], [0.8585854271026188, 0.3734970989765966, 0.3511851099108272], [-0.5125319706614412, 0.6094136251748731, 0.6049181866179248]], "fy": 928.1971995058967, "fx": 928.1971995058967}, {"id": 91, "img_name": "DJI_20241229095254_0113_V.JPG", "width": 1320, "height": 989, "position": [-2.7513759433169405, 0.6832544382254704, 0.6430380187389835], "rotation": [[0.22912569046693446, -0.6800674153680774, 0.6964263984963767], [0.8357694369434565, 0.5042103911170455, 0.21739671055656257], [-0.498989845827817, 0.5322407275323632, 0.6839071148310656]], "fy": 928.1971995058967, "fx": 928.1971995058967}, {"id": 92, "img_name": "DJI_20241229095255_0114_V.JPG", "width": 1320, "height": 989, "position": [-2.6031608073485786, 1.1337111760276208, 0.37799598067158247], "rotation": [[0.39884730963078724, -0.6396865798369731, 0.6570554795272302], [0.7872961187137686, 0.6062573102169514, 0.11232495389156609], [-0.4701974532667294, 0.4724967231473492, 0.7454268586229631]], "fy": 928.1971995058967, "fx": 928.1971995058967}, {"id": 93, "img_name": "DJI_20241229095256_0115_V.JPG", "width": 1320, "height": 989, "position": [-2.3486809349434288, 1.5784404692767333, 0.1169737210185796], "rotation": [[0.5538663090002969, -0.5801665110611476, 0.5971925411435773], [0.7148276958971517, 0.6991126360012012, 0.016213801584485595], [-0.42691155633545075, 0.4179094897541661, 0.8019340256159828]], "fy": 928.1971995058967, "fx": 928.1971995058967}, {"id": 94, "img_name": "DJI_20241229095258_0117_V.JPG", "width": 1320, "height": 989, "position": [-1.5586501852653394, 2.2500061796645805, -0.287294455876692], "rotation": [[0.804395399953203, -0.4127134977328374, 0.4273354763218871], [0.5102355039463095, 0.8483831027642806, -0.1410880627718299], [-0.3043152494483023, 0.33153232079720296, 0.8930165447627709]], "fy": 928.1971995058967, "fx": 928.1971995058967}, {"id": 95, "img_name": "DJI_20241229095259_0118_V.JPG", "width": 1320, "height": 989, "position": [-1.1096516657590756, 2.4388580443089025, -0.3960151336086981], "rotation": [[0.8973324301661044, -0.30477668430488, 0.31922669449204405], [0.37810398911734067, 0.9039436813589882, -0.19980789359961246], [-0.22766616609796714, 0.2999949893502951, 0.9263752604527872]], "fy": 928.1971995058