[{"id": 0, "img_name": "DJI_20241229105653_0001_V.JPG", "width": 1320, "height": 989, "position": [0.09744437120945817, -1.1980965077031578, -1.896671461879607], "rotation": [[0.28448767218107673, 0.9584287627867905, 0.02193333171166712], [-0.8338654509939033, 0.23609614330356063, 0.4989258669942042], [0.4730065263986596, -0.16022770603165476, 0.866367074746096]], "fy": 926.3571676777846, "fx": 926.3571676777849}, {"id": 1, "img_name": "DJI_20241229105807_0005_V.JPG", "width": 1320, "height": 989, "position": [-7.742489924298966, -1.7153224343886988, -5.010481747116159], "rotation": [[0.11566393384850236, -0.7009372582174175, 0.7037817946276663], [0.8649163758297463, 0.4194652121034861, 0.27562401683546106], [-0.48840712241758544, 0.5768326411340006, 0.6547691096059335]], "fy": 926.3571676777846, "fx": 926.3571676777849}, {"id": 2, "img_name": "DJI_20241229105808_0006_V.JPG", "width": 1320, "height": 989, "position": [-7.346006731659178, -0.33006940626280845, -5.8089805362243], "rotation": [[0.31036776655064435, -0.6703779804934957, 0.6739919975458365], [0.8263381044587261, 0.5407517950878828, 0.15733033156003937], [-0.4699331724893703, 0.5081150060554153, 0.721790796571542]], "fy": 926.3571676777846, "fx": 926.3571676777849}, {"id": 3, "img_name": "DJI_20241229105809_0007_V.JPG", "width": 1320, "height": 989, "position": [-6.608297441140347, 0.998727723459703, -6.578093791301804], "rotation": [[0.48186693704461986, -0.6170597166130587, 0.6221266439533416], [0.7601648263148291, 0.6475264861832639, 0.05346855641310076], [-0.43583677198807114, 0.44715406273964137, 0.7810886968574382]], "fy": 926.3571676777846, "fx": 926.3571676777849}, {"id": 4, "img_name": "DJI_20241229105810_0008_V.JPG", "width": 1320, "height": 989, "position": [-5.5987963261259095, 2.0944291361959233, -7.220394444528675], "rotation": [[0.635492416791212, -0.542252585590085, 0.5496467243800622], [0.668148482773358, 0.7429776704280046, -0.039519440950437544], [-0.38694572380183284, 0.39235992999571584, 0.834461917744143]], "fy": 926.3571676777846, "fx": 926.3571676777849}, {"id": 5, "img_name": "DJI_20241229105812_0010_V.JPG", "width": 1320, "height": 989, "position": [-2.8911594720240354, 3.626683403781212, -8.13258989012264], "rotation": [[0.9018350889717188, -0.298543896455585, 0.3123539885906522], [0.36940993328162436, 0.9077110673609421, -0.19898974693014967], [-0.22411999797483076, 0.2948426022127334, 0.9288907720653626]], "fy": 926.3571676777846, "fx": 926.3571676777849}, {"id": 6, "img_name": "DJI_20241229105813_0011_V.JPG", "width": 1320, "height": 989, "position": [-1.3234812991041072, 3.996663524796085, -8.36498470474922], "rotation": [[0.9760764249769573, -0.14472889946746367, 0.16226015611708022], [0.18168857270947833, 0.9528458067408856, -0.2430517046290836], [-0.11943230363262305, 0.26671785511144075, 0.9563459157719855]], "fy": 926.3571676777846, "fx": 926.3571676777849}, {"id": 7, "img_name": "DJI_20241229105814_0012_V.JPG", "width": 1320, "height": 989, "position": [0.3129913857864175, 4.069907333942703, -8.434100972371034], "rotation": [[0.9998740361796378, 0.008235773853151138, 0.013567748629746735], [-0.0044838309374365965, 0.9665883847192182, -0.2562943420874079], [-0.01522521047357733, 0.2562012227818839, 0.9665035573711578]], "fy": 926.3571676777846, "fx": 926.3571676777849}, {"id": 8, "img_name": "DJI_20241229105816_0014_V.JPG", "width": 1320, "height": 989, "position": [3.5669563987799404, 3.335926179135336, -8.076780429890938], "rotation": [[0.911971933548194, 0.30416742310380823, -0.2752986944080147], [-0.36400324316810057, 0.9094502913202179, -0.20100200640957644], [0.18923221550114858, 0.2835178060368691, 0.9401110691171374]], "fy": 926.3571676777846, "fx": 926.3571676777849}, {"id": 9, "img_name": "DJI_20241229105817_0015_V.JPG", "width": 1320, "height": 989, "position": [4.965707893497003, 2.5429646120392357, -7.640481703592148], "rotation": [[0.807339549748707, 0.4324886856575409, -0.401442882848566], [-0.5198548312042334, 0.8431835545497469, -0.1370855492401434], [0.2792020878954399, 0.31936660770197367, 0.9055667639659489]], "fy": 926.3571676777846, "fx": 926.3571676777849}, {"id": 10, "img_name": "DJI_20241229105819_0017_V.JPG", "width": 1320, "height": 989, "position": [7.10445885530683, 0.3255943987217429, -6.40136611121385], "rotation": [[0.49682106141816895, 0.6313812815166779, -0.5954212880655857], [-0.7594104914009744, 0.6483768545151308, 0.053880980681458135], [0.4200768244993463, 0.42539996694807375, 0.8016048463171386]], "fy": 926.3571676777846, "fx": 926.3571676777849}, {"id": 11, "img_name": "DJI_20241229105821_0019_V.JPG", "width": 1320, "height": 989, "position": [7.9711107029874, -2.540928023984203, -4.785893335571787], "rotation": [[0.08900934904698082, 0.7227624480700279, -0.6853406302285401], [-0.8680468848018287, 0.3937095449453328, 0.3024688413783797], [0.48843826791936873, 0.5679852444199224, 0.6624355218080985]], "fy": 926.3571676777846, "fx": 926.3571676777849}, {"id": 12, "img_name": "DJI_20241229105822_0020_V.JPG", "width": 1320, "height": 989, "position": [7.839450172233425, -3.99128372529913, -3.956937890013149], "rotation": [[-0.11822403781624712, 0.7203907024382579, -0.6834181097417126], [-0.8637067557574402, 0.2649724028842066, 0.4287193321611791], [0.4899323595572964, 0.6409577689288765, 0.5908802091019267]], "fy": 926.3571676777846, "fx": 926.3571676777849}, {"id": 13, "img_name": "DJI_20241229105824_0022_V.JPG", "width": 1320, "height": 989, "position": [6.565595694886909, -6.649472212259955, -2.423579293815994], "rotation": [[-0.5211306405314117, 0.6203045010800169, -0.5862125735935657], [-0.7388830823578765, 0.015872119811158335, 0.6736466925755842], [0.4271705117451857, 0.7842004856875386, 0.45006105379468725]], "fy": 926.3571676777846, "fx": 926.3571676777849}, {"id": 14, "img_name": "DJI_20241229105825_0023_V.JPG", "width": 1320, "height": 989, "position": [5.473523849042324, -7.740374771464274, -1.7924758319559821], "rotation": [[-0.7008358612280935, 0.5196556259984314, -0.4886584962781832], [-0.6155745375425542, -0.09447091254205514, 0.782395830390693], [0.3604123809554097, 0.8491367834758131, 0.3860953750077859]], "fy": 926.3571676777846, "fx": 926.3571676777849}, {"id": 15, "img_name": "DJI_20241229105826_0024_V.JPG", "width": 1320, "height": 989, "position": [4.148273598316715, -8.604360061514882, -1.2839473029702255], "rotation": [[-0.8392594270081876, 0.39756835713972155, -0.37092184564825953], [-0.4672295588649819, -0.1784022455516224, 0.8659498704341797], [0.27810097716606974, 0.9000622423940251, 0.3354814545036966]], "fy": 926.3571676777846, "fx": 926.3571676777849}, {"id": 16, "img_name": "DJI_20241229105827_0025_V.JPG", "width": 1320, "height": 989, "position": [2.691105721927413, -9.180847426098005, -0.9346449737352053], "rotation": [[-0.9352762383594793, 0.26129638163703706, -0.23871019857461837], [-0.30166880388846734, -0.2358552279081651, 0.9237793265866521], [0.18507914717937088, 0.9360002737242009, 0.2994147572641963]], "fy": 926.3571676777846, "fx": 926.3571676777849}, {"id": 17, "img_name": "DJI_20241229105831_0029_V.JPG", "width": 1320, "height": 989, "position": [-3.7071219438700176, -8.715091426976645, -1.1009261437078741], "rotation": [[-0.8830784643640313, -0.32850043041620614, 0.3350520750463014], [0.4114235199866043, -0.19873980498806462, 0.8895128875486509], [-0.22561718236494577, 0.9233579788628428, 0.3106556451958168]], "fy": 926.3571676777846, "fx": 926.3571676777849}, {"id": 18, "img_name": "DJI_20241229105832_0030_V.JPG", "width": 1320, "height": 989, "position": [-5.040726329930016, -7.896741351244107, -1.542904617229812], "rotation": [[-0.7667110973862498, -0.45162582489659736, 0.45627645943138506], [0.5607478936660485, -0.1250461913531662, 0.8184896149476529], [-0.31259541406402996, 0.8834011344313155, 0.3491225326323159]], "fy": 926.3571676777846, "fx": 926.3571676777849}, {"id": 19, "img_name": "DJI_20241229105833_0031_V.JPG", "width": 1320, "height": 989, "position": [-6.178748107859206, -6.847305224040419, -2.115957573126371], "rotation": [[-0.6199157096269201, -0.5531884965362102, 0.5564952832304686], [0.6835927789286983, -0.03255391693536322, 0.7291372676586386], [-0.38523424763939645, 0.8324198038202677, 0.39833634613669805]], "fy": 926.3571676777846, "fx": 926.3571676777849}, {"id": 20, "img_name": "DJI_20241229105834_0032_V.JPG", "width": 1320, "height": 989, "position": [-7.054787649861289, -5.61630761306183, -2.7995498236319163], "rotation": [[-0.44940392679052354, -0.6306091843554041, 0.6327465268113847], [0.7765976361138256, 0.07428026186564247, 0.625602552967609], [-0.441511293363688, 0.7725377008947742, 0.456347760516626]], "fy": 926.3571676777846, "fx": 926.3571676777849}, {"id": 21, "img_name": "DJI_20241229105835_0033_V.JPG", "width": 1320, "height": 989, "position": [-7.59456501959409, -4.297557173196197, -3.5430035584373956], "rotation": [[-0.2717212081937827, -0.6793999604053119, 0.6816034615661599], [0.8354228407376092, 0.18506861887055662, 0.5175116264232599], [-0.477740789750691, 0.7100459845042468, 0.5172991762005626]], "fy": 926.3571676777846, "fx": 926.3571676777849}, {"id": 22, "img_name": "DJI_20241229105836_0034_V.JPG", "width": 1320, "height": 989, "position": [-7.814809708751109, -2.888714339365974, -4.331592784874436], "rotation": [[-0.07570100705766787, -0.7036904495879347, 0.7064623901448578], [0.864253315672913, 0.30706466720561126, 0.3984689404486671], [-0.49732842657426196, 0.6407269631540704, 0.584921699724443]], "fy": 926.3571676777846, "fx": 926.3571676777849}, {"id": 23, "img_name": "DJI_20241229105837_0035_V.JPG", "width": 1320, "height": 989, "position": [-7.691448743713546, -1.4836028785836313, -5.129143707590035], "rotation": [[0.11462440228553217, -0.700476058678282, 0.7044107733554508], [0.8600174091778692, 0.4248843231432398, 0.28256568768712265], [-0.4972235938807307, 0.5734166052405976, 0.6511237167564079]], "fy": 926.3571676777846, "fx": 926.3571676777849}, {"id": 24, "img_name": "DJI_20241229105838_0036_V.JPG", "width": 1320, "height": 989, "position": [-7.248369725711448, -0.1450068802297904, -5.904891331058848], "rotation": [[0.30889105821071505, -0.6694698529784279, 0.6755711880405398], [0.8221257727996313, 0.5450917467495485, 0.16426868637733455], [-0.47822121226067926, 0.504663356683015, 0.7187623867213407]], "fy": 926.3571676777846, "fx": 926.3571676777849}, {"id": 25, "img_name": "DJI_20241229105840_0038_V.JPG", "width": 1320, "height": 989, "position": [-5.428686017467499, 2.1870293015309916, -7.262873671384566], "rotation": [[0.6618985301250218, -0.5234672780207608, 0.5365373655765934], [0.6444615281434409, 0.7629561164207929, -0.05066856184185914], [-0.3828311306063762, 0.3793151371322227, 0.8423540539351649]], "fy": 926.3571676777846, "fx": 926.3571676777849}, {"id": 26, "img_name": "DJI_20241229105841_0039_V.JPG", "width": 1320, "height": 989, "position": [-4.147752827940218, 3.065468656702747, -7.781569850499867], "rotation": [[0.8017305448750794, -0.4141386037305962, 0.43094935933863543], [0.5111895589049962, 0.8487392574500358, -0.13537690988376652], [-0.3096988348070162, 0.32883261663532437, 0.8921635174988621]], "fy": 926.3571676777846, "fx": 926.3571676777849}, {"id": 27, "img_name": "DJI_20241229105903_0041_V.JPG", "width": 1320, "height": 989, "position": [-5.547381134125073, -4.248178764562156, -1.4718899728857726], "rotation": [[-0.49462471413178627, -0.6119842564978489, 0.617107496283122], [0.755000131218579, 0.04914014402715989, 0.6538807598522213], [-0.4304894819040028, 0.7893418245879065, 0.4377422642677518]], "fy": 926.3571676777846, "fx": 926.3571676777849}, {"id": 28, "img_name": "DJI_20241229105904_0042_V.JPG", "width": 1320, "height": 989, "position": [-6.003868655403827, -3.165434717793402, -2.0783945002330206], "rotation": [[-0.2925719180574933, -0.6737670368973268, 0.6785570372155575], [0.8289053248001957, 0.17511244272048185, 0.5312735594045199], [-0.4767783922138684, 0.7178952656168323, 0.5072561013165799]], "fy": 926.3571676777846, "fx": 926.3571676777849}, {"id": 29, "img_name": "DJI_20241229105905_0043_V.JPG", "width": 1320, "height": 989, "position": [-6.20723856822832, -2.0178071526978374, -2.7340572048085865], "rotation": [[-0.08714685332323249, -0.7018747686344916, 0.7069492450736035], [0.8620169465995676, 0.302573850968529, 0.40666429457874986], [-0.4993317631905833, 0.6448417432706671, 0.5786595859437826]], "fy": 926.3571676777846, "fx": 926.3571676777849}, {"id": 30, "img_name": "DJI_20241229105907_0045_V.JPG", "width": 1320, "height": 989, "position": [-5.792181738813061, 0.26361046407446326, -4.035480097739339], "rotation": [[0.33321232155820174, -0.6628326371661064, 0.6705389204730908], [0.8124306915948978, 0.5627460599960054, 0.15255570560817597], [-0.47846203623321015, 0.49393295806859944, 0.7260194989235299]], "fy": 926.3571676777846, "fx": 926.3571676777849}, {"id": 31, "img_name": "DJI_20241229105908_0046_V.JPG", "width": 1320, "height": 989, "position": [-5.143123946255685, 1.2965201053735742, -4.63549337394523], "rotation": [[0.5258139630829102, -0.5960301486615416, 0.6068506720055145], [0.7307242240371578, 0.6817016250961755, 0.03640058717282794], [-0.43538693668085354, 0.4243005494077679, 0.7939819010153373]], "fy": 926.3571676777846, "fx": 926.3571676777849}, {"id": 32, "img_name": "DJI_20241229105909_0047_V.JPG", "width": 1320, "height": 989, "position": [-4.273398484038812, 2.1871563667068465, -5.155643284817653], "rotation": [[0.6938924637925998, -0.5022217814499542, 0.5160295833855553], [0.6165592331548597, 0.7845803731716513, -0.06548549492310143], [-0.37197844118083884, 0.3636026956322884, 0.854063884627846]], "fy": 926.3571676777846, "fx": 926.3571676777849}, {"id": 33, "img_name": "DJI_20241229105911_0049_V.JPG", "width": 1320, "height": 989, "position": [-1.9440461354224792, 3.397204767983149, -5.885640384144529], "rotation": [[0.9327859031840281, -0.24352084958782313, 0.2657217616929067], [0.3026850196359697, 0.9295114454918144, -0.21068994182848524], [-0.19568402517612332, 0.2769586043359958, 0.9407452863422318]], "fy": 926.3571676777846, "fx": 926.3571676777849}, {"id": 34, "img_name": "DJI_20241229105913_0051_V.JPG", "width": 1320, "height": 989, "position": [0.7526803634323822, 3.6532281563262448, -6.079450909130865], "rotation": [[0.9982944291087983, 0.0538842986781456, -0.022465866693783875], [-0.05780870207929398, 0.9661065712856715, -0.25158745374630986], [0.008147807941152201, 0.2524570761032626, 0.9675737894089245]], "fy": 926.3571676777846, "fx": 926.3571676777849}, {"id": 35, "img_name": "DJI_20241229105914_0052_V.JPG", "width": 1320, "height": 989, "position": [2.1049827676965296, 3.3940132170345723, -5.957504557237906], "rotation": [[0.9633960985132759, 0.20595085141357622, -0.17161644493294184], [-0.24260366168228661, 0.9421641933985716, -0.2312360179902038], [0.11406761463160803, 0.2644066555131362, 0.9576417387586094]], "fy": 926.3571676777846, "fx": 926.3571676777849}, {"id": 36, "img_name": "DJI_20241229105915_0053_V.JPG", "width": 1320, "height": 989, "position": [3.3862978096175445, 2.88360611964616, -5.686349535019953], "rotation": [[0.8822674065006224, 0.350810564994945, -0.3139047162987412], [-0.41862753195170077, 0.8896643557366116, -0.18234122853536958], [0.21530260778423801, 0.2922828794501786, 0.9317808247982027]], "fy": 926.3571676777846, "fx": 926.3571676777849}, {"id": 37, "img_name": "DJI_20241229105916_0054_V.JPG", "width": 1320, "height": 989, "position": [4.486917724810105, 2.1532109482211648, -5.287599891740432], "rotation": [[0.7627391680345095, 0.47622809883347417, -0.43753372376021377], [-0.5710102617844086, 0.8135498972801283, -0.10992654625882604], [0.30360540588554324, 0.33368152858219075, 0.892457503189999]], "fy": 926.3571676777846, "fx": 926.3571676777849}, {"id": 38, "img_name": "DJI_20241229105917_0055_V.JPG", "width": 1320, "height": 989, "position": [5.356916625824553, 1.2138320946206145, -4.769953583707181], "rotation": [[0.6105910333266574, 0.5791521580040945, -0.5401493940571302], [-0.696285819973867, 0.7175455669034401, -0.017731788419132734], [0.3773123996430604, 0.3869252347630242, 0.8413823243800491]], "fy": 926.3571676777846, "fx": 926.3571676777849}, {"id": 39, "img_name": "DJI_20241229105918_0056_V.JPG", "width": 1320, "height": 989, "position": [5.989943244150744, 0.12617635050188053, -4.161232481918305], "rotation": [[0.4226049903471805, 0.660118550263324, -0.6210060561153223], [-0.7945735671167734, 0.5994523727117451, 0.09648678297873314], [0.4359562691061864, 0.4526592012193128, 0.777844315386124]], "fy": 926.3571676777846, "fx": 926.3571676777849}, {"id": 40, "img_name": "DJI_20241229105920_0058_V.JPG", "width": 1320, "height": 989, "position": [6.408578696355996, -2.2558463222740492, -2.8158993243694725], "rotation": [[-0.0004076174192904458, 0.7253766618027396, -0.6883520410080538], [-0.8731163295266058, 0.33532160597335336, 0.3538746892353829], [0.48751175263990015, 0.6011556529546779, 0.6332015255498109]], "fy": 926.3571676777846, "fx": 926.3571676777849}, {"id": 41, "img_name": "DJI_20241229105921_0059_V.JPG", "width": 1320, "height": 989, "position": [6.171416056600032, -3.4307444458778904, -2.146080928220042], "rotation": [[-0.21337340698945464, 0.7078868114376001, -0.6733261107237856], [-0.8514294350373808, 0.20324233946134498, 0.48348781639479377], [0.4791030226805492, 0.6764531126715189, 0.5593491575173544]], "fy": 926.3571676777846, "fx": 926.3571676777849}, {"id": 42, "img_name": "DJI_20241229105922_0060_V.JPG", "width": 1320, "height": 989, "position": [5.646600229407571, -4.539089604126389, -1.503945079391698], "rotation": [[-0.41833755108782883, 0.6576934350393384, -0.6264447612168157], [-0.7902699602303915, 0.0764228577495776, 0.607974454044611], [0.44773550597120737, 0.7493990207623328, 0.4877848135942362]], "fy": 926.3571676777846, "fx": 926.3571676777849}, {"id": 43, "img_name": "DJI_20241229105923_0061_V.JPG", "width": 1320, "height": 989, "position": [4.8385546829956985, -5.5097149655296045, -0.9370244335456633], "rotation": [[-0.6108097945522611, 0.5733059528452626, -0.5461059231607083], [-0.6877075471918549, -0.04232762307979262, 0.7247528557099843], [0.392389760842949, 0.8182473078211746, 0.42012095737895894]], "fy": 926.3571676777846, "fx": 926.3571676777849}, {"id": 44, "img_name": "DJI_20241229105924_0062_V.JPG", "width": 1320, "height": 989, "position": [3.812822393064226, -6.291580429348719, -0.47871343927154725], "rotation": [[-0.7704364256413593, 0.46215718415606505, -0.43913375089817847], [-0.5525892495195236, -0.1406086080433935, 0.821507358859036], [0.317919542275111, 0.875579783044947, 0.3637130849482151]], "fy": 926.3571676777846, "fx": 926.3571676777849}, {"id": 45, "img_name": "DJI_20241229105926_0064_V.JPG", "width": 1320, "height": 989, "position": [1.313719432299336, -7.185171434850409, 0.07434416902015147], "rotation": [[-0.9699090238592074, 0.17924098443856784, -0.16477000617215232], [-0.20842193780522203, -0.2614571384066375, 0.9424438766407938], [0.12584427391818115, 0.9484265044133385, 0.29094739120380625]], "fy": 926.3571676777846, "fx": 926.3571676777849}, {"id": 46, "img_name": "DJI_20241229105927_0065_V.JPG", "width": 1320, "height": 989, "position": [-0.024285594123056954, -7.2678996528116695, 0.14375211538469765], "rotation": [[-0.9997212952477026, 0.020894788528684233, -0.010988159108672544], [-0.016369186944970884, -0.2781348438800571, 0.9604025501520583], [0.017011218269616445, 0.9603147486278433, 0.27839935707688984]], "fy": 926.3571676777846, "fx": 926.3571676777849}, {"id": 47, "img_name": "DJI_20241229105929_0067_V.JPG", "width": 1320, "height": 989, "position": [-2.6882118863734124, -6.727837981225079, -0.12032703808349826], "rotation": [[-0.9092017375374613, -0.29289326073122995, 0.2959150862613955], [0.3651438919158887, -0.2194265937348059, 0.9047220060098339], [-0.20005533898244043, 0.9306264061266304, 0.3064512254249487]], "fy": 926.3571676777846, "fx": 926.3571676777849}, {"id": 48, "img_name": "DJI_20241229105930_0068_V.JPG", "width": 1320, "height": 989, "position": [-3.838442626679106, -6.057378948201973, -0.48011167375342023], "rotation": [[-0.7939183792708048, -0.4289976954506378, 0.4308765302892007], [0.5312974989537108, -0.14487657645404203, 0.834705783615094], [-0.29566294096749834, 0.8916118857961676, 0.3429455794225252]], "fy": 926.3571676777846, "fx": 926.3571676777849}, {"id": 49, "img_name": "DJI_20241229105931_0069_V.JPG", "width": 1320, "height": 989, "position": [-4.809254877033305, -5.2134540142571195, -0.9447486053467231], "rotation": [[-0.6392329641862218, -0.5432424129421625, 0.5443058866836488], [0.6704091114315107, -0.04691317303054996, 0.7405071083425315], [-0.3767397520932831, 0.8382641797052898, 0.3941831100081648]], "fy": 926.3571676777846, "fx": 926.3571676777849}, {"id": 50, "img_name": "DJI_20241229105932_0070_V.JPG", "width": 1320, "height": 989, "position": [-5.546355703498689, -4.245021988195566, -1.481134044156109], "rotation": [[-0.45813849589878525, -0.6274108814406172, 0.6296544325465405], [0.7735045259748636, 0.06761084232906543, 0.6301741999605788], [-0.4379496168191038, 0.7757476134990436, 0.45433002682910817]], "fy": 926.3571676777846, "fx": 926.3571676777849}, {"id": 51, "img_name": "DJI_20241229105935_0073_V.JPG", "width": 1320, "height": 989, "position": [-6.183578401647995, -0.7792992460984932, -3.4384911308742203], "rotation": [[0.19299779994138713, -0.690151937587964, 0.6974540502867288], [0.8485211828396068, 0.47433209725550607, 0.23456526551403048], [-0.49271051489719453, 0.5465339555386945, 0.6771535896330827]], "fy": 926.3571676777846, "fx": 926.3571676777849}, {"id": 52, "img_name": "DJI_20241229110023_0075_V.JPG", "width": 1320, "height": 989, "position": [2.500515036110263, 1.4917059855400252, 0.8536155290410857], "rotation": [[0.45533284205795643, 0.46859160368911457, -0.7570296638147593], [-0.7776286414248932, 0.6233715108874447, -0.08186363936192392], [0.43355011126638954, 0.6259631525624876, 0.648231773870221]], "fy": 926.3571676777846, "fx": 926.3571676777849}, {"id": 53, "img_name": "DJI_20241229110024_0076_V.JPG", "width": 1320, "height": 989, "position": [2.6539536198770652, 1.061631618922683, 1.095247227967177], "rotation": [[0.26125830994270155, 0.5070564319079536, -0.8213634216025557], [-0.8415304465734973, 0.5364639972149546, 0.06350501698262151], [0.4728325316385211, 0.6746111135705725, 0.5668591028389496]], "fy": 926.3571676777846, "fx": 926.3571676777849}, {"id": 54, "img_name": "DJI_20241229110025_0077_V.JPG", "width": 1320, "height": 989, "position": [2.6985339525999996, 0.6235693828162452, 1.3419002401447522], "rotation": [[0.08703390689065871, 0.5228589151011367, -0.8479644178564396], [-0.8674175158634456, 0.45837158745483325, 0.19360356656690303], [0.4899101470929513, 0.7186891140913424, 0.4934308513479515]], "fy": 926.3571676777846, "fx": 926.3571676777849}, {"id": 55, "img_name": "DJI_20241229110026_0078_V.JPG", "width": 1320, "height": 989, "position": [2.6336027036240734, 0.17833246908130423, 1.5975337567409171], "rotation": [[-0.1033073157304657, 0.5215790615185869, -0.8469255463746242], [-0.8649129264466612, 0.37336966072298783, 0.3354410918731826], [0.4911753538015091, 0.7671703715844288, 0.41254865504685795]], "fy": 926.3571676777846, "fx": 926.3571676777849}, {"id": 56, "img_name": "DJI_20241229110027_0079_V.JPG", "width": 1320, "height": 989, "position": [2.467205058868804, -0.23887418123339327, 1.842053292649675], "rotation": [[-0.30165401244775536, 0.49984819076640136, -0.8118846241688066], [-0.8277618259149215, 0.2852399300969116, 0.4831651289531395], [0.47309112899330946, 0.817795798757773, 0.32771148164501596]], "fy": 926.3571676777846, "fx": 926.3571676777849}, {"id": 57, "img_name": "DJI_20241229110028_0080_V.JPG", "width": 1320, "height": 989, "position": [2.2263396764164476, -0.6164204272268191, 2.063333922582389], "rotation": [[-0.48763587619441046, 0.45810707689581537, -0.7432019633626389], [-0.7568442679486738, 0.2025286162865195, 0.6214249058883172], [0.43519881240801406, 0.8655172243710919, 0.24795549599800162]], "fy": 926.3571676777846, "fx": 926.3571676777849}, {"id": 58, "img_name": "DJI_20241229110029_0081_V.JPG", "width": 1320, "height": 989, "position": [1.8913494571829406, -0.9417140922935933, 2.25760307079779], "rotation": [[-0.6627023485545399, 0.3939552502342797, -0.6368868486891085], [-0.6476245778666853, 0.12556118448655465, 0.751542942946929], [0.376042555255778, 0.9105128498616476, 0.17192541078481025]], "fy": 926.3571676777846, "fx": 926.3571676777849}, {"id": 59, "img_name": "DJI_20241229110030_0082_V.JPG", "width": 1320, "height": 989, "position": [1.497233873984173, -1.2025607050481861, 2.4137940184197726], "rotation": [[-0.8040159537008128, 0.3143383638465642, -0.5047273909833272], [-0.5126060513515169, 0.06372826575521762, 0.8562556535647737], [0.3013194024824446, 0.9471695208135115, 0.10989320511080418]], "fy": 926.3571676777846, "fx": 926.3571676777849}, {"id": 60, "img_name": "DJI_20241229110031_0083_V.JPG", "width": 1320, "height": 989, "position": [1.049847278755846, -1.393709119474177, 2.5292041162423726], "rotation": [[-0.9154569267370978, 0.215492332436264, -0.33985536622252493], [-0.34479155250926957, 0.015453632300600423, 0.9385520606588457], [0.20750277252922533, 0.9763832443819878, 0.060152801121710335]], "fy": 926.3571676777846, "fx": 926.3571676777849}, {"id": 61, "img_name": "DJI_20241229110032_0084_V.JPG", "width": 1320, "height": 989, "position": [0.5734176914482227, -1.4970031310397074, 2.593095877512903], "rotation": [[-0.984835964563795, 0.0979548993447792, -0.14318854910939294], [-0.1451941748729637, -0.013625393744942007, 0.989309355170694], [0.09495669794521128, 0.9950975762907117, 0.02764125857649131]], "fy": 926.3571676777846, "fx": 926.3571676777849}, {"id": 62, "img_name": "DJI_20241229110033_0085_V.JPG", "width": 1320, "height": 989, "position": [0.07145057856698557, -1.5162888930658052, 2.6076616388051073], "rotation": [[-0.9989192755811762, -0.013842362138236789, 0.04436969554562752], [0.044619692771533104, -0.01830676303393822, 0.9988362956181522], [-0.013013988218519613, 0.999736591026683, 0.018904620413938332]], "fy": 926.3571676777846, "fx": 926.3571676777849}, {"id": 63, "img_name": "DJI_20241229110034_0086_V.JPG", "width": 1320, "height": 989, "position": [-0.4292772671947155, -1.4525329123833564, 2.5788577014041025], "rotation": [[-0.9642904976879227, -0.12528705908149976, 0.23333878566472277], [0.23537509265373605, -0.0014941076857684504, 0.9719034588890342], [-0.1214182928022949, 0.9921194083722646, 0.030930206983531074]], "fy": 926.3571676777846, "fx": 926.3571676777849}, {"id": 64, "img_name": "DJI_20241229110035_0087_V.JPG", "width": 1320, "height": 989, "position": [-0.8949929184202243, -1.306283775561311, 2.504049573192526], "rotation": [[-0.8893568072111916, -0.2231658465697755, 0.3990507165660902], [0.4021146188860225, 0.03359465477932557, 0.9149728042124566], [-0.21759665150287458, 0.9742014186476291, 0.05986061442787908]], "fy": 926.3571676777846, "fx": 926.3571676777849}, {"id": 65, "img_name": "DJI_20241229110103_0110_V.JPG", "width": 1320, "height": 989, "position": [0.710426294049096, -1.092167882960209, 3.2852421008068156], "rotation": [[-0.9743664317131691, 0.12087839493349917, -0.1897326286879688], [-0.19212745122705877, -0.008367088399462713, 0.981334313227001], [0.11703460699955293, 0.9926320594611161, 0.03137666799460431]], "fy": 926.3571676777846, "fx": 926.3571676777849}, {"id": 66, "img_name": "DJI_20241229110104_0111_V.JPG", "width": 1320, "height": 989, "position": [0.22918759700701277, -1.1300765329634033, 3.317751757081821], "rotation": [[-0.9992911527594842, 0.02464256952165345, -0.028459370758875842], [-0.028897640938508825, -0.017615418919317227, 0.9994271476023082], [0.024127129228519915, 0.9995411151041598, 0.018315044404065]], "fy": 926.3571676777846, "fx": 926.3571676777849}, {"id": 67, "img_name": "DJI_20241229110108_0115_V.JPG", "width": 1320, "height": 989, "position": [-1.6072541895404289, -0.49761205015716337, 2.9931324776717174], "rotation": [[-0.7508517864954164, -0.329020553016734, 0.5726840930296591], [0.5755412586329796, 0.09940538136091644, 0.8117085867278084], [-0.32399668876055887, 0.9390761661596213, 0.1147261950172682]], "fy": 926.3571676777846, "fx": 926.3571676777849}, {"id": 68, "img_name": "DJI_20241229110110_0117_V.JPG", "width": 1320, "height": 989, "position": [-2.1714153044602447, 0.2312558961207673, 2.5940497885105334], "rotation": [[-0.43891599468924475, -0.4480707351697207, 0.7788359043408417], [0.7803288748884442, 0.2396485301908305, 0.5776291448608781], [-0.4454655953283997, 0.8612788156351233, 0.24445695964090225]], "fy": 926.3571676777846, "fx": 926.3571676777849}, {"id": 69, "img_name": "DJI_20241229110111_0118_V.JPG", "width": 1320, "height": 989, "position": [-2.328262317513898, 0.6585824007355937, 2.354870098474337], "rotation": [[-0.280471553119552, -0.47822761685905163, 0.8322463904181369], [0.8323241430244253, 0.31069192873364804, 0.4590283720625796], [-0.4780922806628049, 0.8214431641282783, 0.31090014357918805]], "fy": 926.3571676777846, "fx": 926.3571676777849}, {"id": 70, "img_name": "DJI_20241229110112_0119_V.JPG", "width": 1320, "height": 989, "position": [-2.387906162824066, 1.115141093900512, 2.0976926939017853], "rotation": [[-0.06126799044613376, -0.49621998606302253, 0.8660323081607902], [0.8640011080522806, 0.4080621967981837, 0.2949361436458261], [-0.49974825525570715, 0.766323018691109, 0.4037334670212793]], "fy": 926.3571676777846, "fx": 926.3571676777849}, {"id": 71, "img_name": "DJI_20241229110114_0121_V.JPG", "width": 1320, "height": 989, "position": [-2.155826233933701, 1.9589724387901875, 1.6121923379535295], "rotation": [[0.34985512412045205, -0.46253748220083735, 0.8146535887639441], [0.8079502277229046, 0.5891183180088853, -0.012491473447459541], [-0.47414957729515006, 0.6625697585505186, 0.579813326343176]], "fy": 926.3571676777846, "fx": 926.3571676777849}, {"id": 72, "img_name": "DJI_20241229110115_0122_V.JPG", "width": 1320, "height": 989, "position": [-1.8941503032343505, 2.3505662587749585, 1.384526289174983], "rotation": [[0.5446697389117299, -0.4113876691001162, 0.7308180766963834], [0.7212279561048621, 0.67447225081025, -0.15785252047325132], [-0.4279779326631583, 0.6130639188529435, 0.664068912503846]], "fy": 926.3571676777846, "fx": 926.3571676777849}, {"id": 73, "img_name": "DJI_20241229110116_0123_V.JPG", "width": 1320, "height": 989, "position": [-1.5492136095889597, 2.6737052526612684, 1.1962693019001553], "rotation": [[0.7103275510981667, -0.3415819678113395, 0.6154319860204004], [0.6029026888909172, 0.7464851649713602, -0.2815461706466322], [-0.36323975261386654, 0.5710356011176657, 0.7361896660353249]], "fy": 926.3571676777846, "fx": 926.3571676777849}, {"id": 74, "img_name": "DJI_20241229110117_0124_V.JPG", "width": 1320, "height": 989, "position": [-1.1508599116231415, 2.948670290209449, 1.034565635943229], "rotation": [[0.8426186102070606, -0.2562420022869927, 0.47363901232549954], [0.45799810017441195, 0.8036289058429337, -0.38002410703838096], [-0.2832518631348278, 0.5371411527314235, 0.7945110219959234]], "fy": 926.3571676777846, "fx": 926.3571676777849}, {"id": 75, "img_name": "DJI_20241229110118_0125_V.JPG", "width": 1320, "height": 989, "position": [-0.7058705361830393, 3.1486915424634057, 0.9121351299751616], "rotation": [[0.9297851542459873, -0.1681182190698002, 0.3274688250208933], [0.3087173220080659, 0.8406559152355908, -0.44496207396988274], [-0.20048237337964123, 0.5148144292812799, 0.8335303961871194]], "fy": 926.3571676777846, "fx": 926.3571676777849}, {"id": 76, "img_name": "DJI_20241229110119_0126_V.JPG", "width": 1320, "height": 989, "position": [-0.22677532684999177, 3.251092336882704, 0.845681269051281], "rotation": [[0.9772068337093381, -0.08717410917637237, 0.19356517982601043], [0.17185760772656444, 0.8601322121230818, -0.4802473741050087], [-0.12462650929185227, 0.50256666459044, 0.8555086094389512]], "fy": 926.3571676777846, "fx": 926.3571676777849}, {"id": 77, "img_name": "DJI_20241229110120_0127_V.JPG", "width": 1320, "height": 989, "position": [0.27264508496518636, 3.2520358781861898, 0.8341591831335009], "rotation": [[0.9986540838298676, -0.0020002198128422823, 0.05182682674666149], [0.027476928594240998, 0.8679116386824799, -0.4959580686252817], [-0.04398908097420467, 0.4967145926587952, 0.8667984622707011]], "fy": 926.3571676777846, "fx": 926.3571676777849}, {"id": 78, "img_name": "DJI_20241229110123_0130_V.JPG", "width": 1320, "height": 989, "position": [1.686549079020376, 2.811022754875482, 1.055881435302689], "rotation": [[0.8509872842868488, 0.2882332509592633, -0.4390241850098334], [-0.4674134220603867, 0.7968261806080981, -0.3828743015342104], [0.23946885989600586, 0.5310269587685403, 0.8128130376668068]], "fy": 926.3571676777846, "fx": 926.3571676777849}, {"id": 79, "img_name": "DJI_20241229110124_0131_V.JPG", "width": 1320, "height": 989, "position": [2.0563197115114478, 2.5009011634438254, 1.2227488732069411], "rotation": [[0.7242625251536898, 0.3710890540875006, -0.5811511925432528], [-0.6092279945058865, 0.7391241618101393, -0.2872920537341651], [0.3229319516064279, 0.5621284438319263, 0.7613977720395304]], "fy": 926.3571676777846, "fx": 926.3571676777849}, {"id": 80, "img_name": "DJI_20241229110125_0132_V.JPG", "width": 1320, "height": 989, "position": [2.3636754451155446, 2.1131177508637777, 1.4358550696306742], "rotation": [[0.5659860149457197, 0.43866071781498017, -0.6980233560074548], [-0.725045381385958, 0.6678456203143456, -0.16820054208544602], [0.39238887065862926, 0.6012977648993827, 0.696040208687869]], "fy": 926.3571676777846, "fx": 926.3571676777849}, {"id": 81, "img_name": "DJI_20241229110126_0133_V.JPG", "width": 1320, "height": 989, "position": [2.5666338434469296, 1.6848688153792206, 1.6780228089005453], "rotation": [[0.381195493036142, 0.48839063809149563, -0.7849615154346828], [-0.8103025059108583, 0.585276265722269, -0.02935203053928744], [0.4450840875649406, 0.6472451447533443, 0.6188488325832946]], "fy": 926.3571676777846, "fx": 926.3571676777849}, {"id": 82, "img_name": "DJI_20241229110127_0134_V.JPG", "width": 1320, "height": 989, "position": [2.6695616396656856, 1.2048054233469827, 1.9512390242872686], "rotation": [[0.13566619249049253, 0.5208007668957827, -0.8428293097750557], [-0.8653810889933694, 0.4764948804744806, 0.15513929126517337], [0.4824005130882246, 0.7083213889770484, 0.5153353809800396]], "fy": 926.3571676777846, "fx": 926.3571676777849}, {"id": 83, "img_name": "DJI_20241229110128_0135_V.JPG", "width": 1320, "height": 989, "position": [2.656510549521564, 0.7210405552372253, 2.227793281546742], "rotation": [[-0.1158448194592967, 0.520583967489486, -0.8459150729224231], [-0.8650462122808744, 0.36565895206121823, 0.3434946599235623], [0.48813423197206196, 0.7715477066069197, 0.4079694939657224]], "fy": 926.3571676777846, "fx": 926.3571676777849}, {"id": 84, "img_name": "DJI_20241229110129_0136_V.JPG", "width": 1320, "height": 989, "position": [2.525523650330398, 0.24808052344365983, 2.503131568286319], "rotation": [[-0.36263278668154336, 0.4881334508181667, -0.7938659812688326], [-0.8093858374251242, 0.2572827973538262, 0.5279205701252986], [0.4619437500380412, 0.8339851895436383, 0.30178912409603686]], "fy": 926.3571676777846, "fx": 926.3571676777849}, {"id": 85, "img_name": "DJI_20241229110130_0137_V.JPG", "width": 1320, "height": 989, "position": [2.2976949476498754, -0.165993225421616, 2.7415573612911093], "rotation": [[-0.5675997309350678, 0.43178648200654446, -0.7009928526018298], [-0.7130796255444026, 0.16775441213929337, 0.6807171988728172], [0.41151912844470934, 0.8862386197656993, 0.2126807837109284]], "fy": 926.3571676777846, "fx": 926.3571676777849}, {"id": 86, "img_name": "DJI_20241229110131_0138_V.JPG", "width": 1320, "height": 989, "position": [1.9698524982565713, -0.5361156135731395, 2.959622646969093], "rotation": [[-0.7141076920716556, 0.36743540638634586, -0.5958535275198045], [-0.6050541298422755, 0.10412885786462972, 0.7893457296524856], [0.35207911622943566, 0.9242014948556992, 0.1479590917165649]], "fy": 926.3571676777846, "fx": 926.3571676777849}, {"id": 87, "img_name": "DJI_20241229110133_0140_V.JPG", "width": 1320, "height": 989, "position": [1.0949274481689282, -1.027647747711615, 3.262104819100692], "rotation": [[-0.9268280898614114, 0.1998397111051889, -0.3178895747098999], [-0.3220369794398314, 0.012291784246729491, 0.9466472922442132], [0.19308515146721156, 0.9797515000781708, 0.052963406022059165]], "fy": 926.3571676777846, "fx": 926.3571676777849}, {"id": 88, "img_name": "DJI_20241229110134_0141_V.JPG", "width": 1320, "height": 989, "position": [0.580569755999477, -1.1312443707377067, 3.3317075406481678], "rotation": [[-0.9797183834677877, 0.10989446326013273, -0.1675562473918308], [-0.16961500488636744, -0.009594104359862013, 0.9854636996251713], [0.10668945220902874, 0.9938969564830651, 0.028039270337117464]], "fy": 926.3571676777846, "fx": 926.3571676777849}, {"id": 89, "img_name": "DJI_20241229110136_0143_V.JPG", "width": 1320, "height": 989, "position": [-0.4527629742351135, -1.0635939221557362, 3.3123077805234953], "rotation": [[-0.9791560240603036, -0.09590053207362578, 0.17904348213328963], [0.18052873076713807, -0.00697045675417022, 0.9835450117306501], [-0.09307447509400368, 0.9953665157521796, 0.024137966056442327]], "fy": 926.3571676777846, "fx": 926.3571676777849}, {"id": 90, "img_name": "DJI_20241229110247_0159_V.JPG", "width": 1320, "height": 989, "position": [-2.42493382386402, 0.454760668067243, 0.4341667762404125], "rotation": [[0.023009242285191193, -0.7069658419999403, 0.7068733076123161], [0.8697484047196226, 0.36279940563885055, 0.33453595285973065], [-0.4929587074564485, 0.6071045128422384, 0.6232301526959813]], "fy": 926.3571676777846, "fx": 926.3571676777849}, {"id": 91, "img_name": "DJI_20241229110248_0160_V.JPG", "width": 1320, "height": 989, "position": [-2.3253693016343653, 0.8779622509098329, 0.19139364588147093], "rotation": [[0.2492499617605395, -0.6850282690981763, 0.6845514787791537], [0.840891491088716, 0.503723334408369, 0.19789972861808217], [-0.4803914620150588, 0.5263070139271099, 0.701587464479065]], "fy": 926.3571676777846, "fx": 926.3571676777849}, {"id": 92, "img_name": "DJI_20241229110249_0161_V.JPG", "width": 1320, "height": 989, "position": [-2.1455756042111975, 1.2692502840229927, -0.036461315826547304], "rotation": [[0.43318904095635924, -0.6373631618022577, 0.6372718844988683], [0.7809221590514114, 0.6184418244595974, 0.08769430575337848], [-0.4500087069133132, 0.45967152373897785, 0.7656332372394068]], "fy": 926.3571676777846, "fx": 926.3571676777849}, {"id": 93, "img_name": "DJI_20241229110250_0162_V.JPG", "width": 1320, "height": 989, "position": [-1.8690006543598598, 1.6194550670707275, -0.24197025707807254], "rotation": [[0.5782643778907003, -0.5757351484931873, 0.5780478769550225], [0.7051127490309032, 0.7090946589693253, 0.0008807810504478474], [-0.41039775878623375, 0.407079603285038, 0.8160023751022617]], "fy": 926.3571676777846, "fx": 926.3571676777849}, {"id": 94, "img_name": "DJI_20241229110251_0163_V.JPG", "width": 1320, "height": 989, "position": [-1.5019580132449704, 1.9209124557201032, -0.42168917332695194], "rotation": [[0.7150355485092187, -0.4914987907505074, 0.4971449517584478], [0.6021465647685967, 0.7942872838145133, -0.08079124524316277], [-0.35516711405407253, 0.35712273725058685, 0.8638979520945457]], "fy": 926.3571676777846, "fx": 926.3571676777849}, {"id": 95, "img_name": "DJI_20241229110252_0164_V.JPG", "width": 1320, "height": 989, "position": [-1.0743580831577957, 2.1512419530298823, -0.5626431496562426], "rotation": [[0.8293504735453557, -0.39028644898776754, 0.3998178082159587], [0.47897159626038865, 0.8650778135182087, -0.14908583612916015], [-0.2876873337598818, 0.3151457826071519, 0.9043888177653769]], "fy": 926.3571676777846, "fx": 926.35716767